315.137	1.42763
318.795	0.37338
322.451	0.900505
326.105	1.51548
329.756	1.25192
333.408	1.8669
337.058	1.51548
340.707	1.07621
344.352	1.51548
347.998	1.42763
351.642	1.25192
355.283	1.33978
358.925	1.51548
362.565	1.42763
366.203	0.812651
369.839	1.95476
373.474	1.25192
377.107	1.25192
380.74	1.25192
384.371	1.77905
387.999	2.21832
391.628	1.77905
395.255	1.77905
398.879	1.95476
402.503	1.16407
406.124	1.60334
409.746	2.04261
413.366	1.95476
416.982	2.56973
420.599	1.8669
424.213	2.13046
427.828	1.77905
431.439	2.39403
435.05	1.51548
438.658	1.95476
442.267	1.77905
445.872	2.56973
449.478	2.21832
453.08	2.65759
456.683	2.30617
460.283	1.95476
463.883	1.8669
467.48	2.56973
471.077	2.04261
474.671	2.56973
478.264	0.900505
481.857	1.42763
485.447	1.8669
489.037	0.724797
492.624	1.07621
496.21	1.07621
499.796	-0.153745
503.378	-0.329453
506.96	-0.329453
510.542	0.285526
514.12	0.109818
517.697	0.0219635
521.275	0.988359
524.849	0.549089
528.422	0.37338
531.996	-0.329453
535.566	-0.153745
539.134	0.0219635
542.704	1.16407
546.27	-0.505161
549.834	0.724797
553.397	-0.417307
556.961	0.636943
560.521	0.900505
564.08	0.988359
567.638	1.69119
571.194	0.812651
574.751	0.285526
578.304	0.461234
581.856	0.636943
585.407	0.0219635
588.956	0.0219635
592.504	0.37338
596.053	1.25192
599.598	0.549089
603.142	0.812651
606.684	0.900505
610.225	1.33978
613.765	1.16407
617.303	1.51548
620.84	1.60334
624.375	1.8669
627.909	0.109818
631.444	1.51548
634.975	2.30617
638.505	1.60334
642.034	1.77905
645.561	1.69119
649.087	0.812651
652.611	1.16407
656.135	1.69119
659.656	0.988359
663.177	1.51548
666.696	1.51548
670.213	1.60334
673.73	0.900505
677.243	1.33978
680.756	2.04261
684.268	0.812651
687.779	0.461234
691.289	1.77905
694.797	0.549089
698.304	2.04261
701.809	1.33978
705.313	2.30617
708.816	1.25192
712.315	2.13046
715.815	2.65759
719.314	1.69119
722.811	1.25192
726.307	0.724797
729.802	2.13046
733.293	1.8669
736.785	0.461234
740.275	1.51548
743.765	1.69119
747.252	0.724797
750.737	1.60334
754.222	2.13046
757.706	1.25192
761.186	1.33978
764.667	2.39403
768.147	0.988359
771.626	1.95476
775.101	3.00901
778.576	2.48188
782.051	2.04261
785.522	2.39403
788.994	2.39403
792.464	2.21832
795.931	2.04261
799.399	3.18471
802.865	2.74544
806.328	1.77905
809.792	2.04261
813.253	1.60334
816.714	2.39403
820.173	2.48188
823.63	2.04261
827.087	2.74544
830.541	2.92115
833.995	2.92115
837.446	2.13046
840.898	3.62398
844.346	3.44828
847.795	2.39403
851.241	3.71184
854.688	2.65759
858.131	2.48188
861.575	2.04261
865.015	2.04261
868.456	2.56973
871.894	2.21832
875.333	0.285526
878.768	1.51548
882.204	0.988359
885.637	2.13046
889.068	1.77905
892.5	1.8669
895.928	2.21832
899.358	2.13046
902.784	2.04261
906.209	2.04261
909.634	1.16407
913.056	1.60334
916.477	2.56973
919.898	2.48188
923.317	1.51548
926.734	2.21832
930.151	2.21832
933.565	2.04261
936.978	2.04261
940.39	1.95476
943.802	1.60334
947.211	1.42763
950.619	2.8333
954.026	3.53613
957.433	3.18471
960.837	2.65759
964.239	3.88755
967.64	3.71184
971.04	3.62398
974.441	3.18471
977.838	3.27257
981.235	2.8333
984.629	3.62398
988.023	3.62398
991.415	3.88755
994.808	3.27257
998.198	3.9754
1001.59	4.50253
1004.97	4.41467
1008.36	4.9418
1011.74	5.29321
1015.13	4.76609
1018.51	4.41467
1021.89	4.67823
1025.27	5.46892
1028.65	4.9418
1032.02	5.46892
1035.4	6.17175
1038.77	5.73248
1042.15	6.87459
1045.52	7.84098
1048.89	6.25961
1052.26	7.92884
1055.62	8.36811
1058.99	8.10455
1062.36	8.71953
1065.72	9.86163
1069.08	9.94948
1072.44	9.42236
1075.8	8.80738
1079.16	10.9159
1082.52	10.5645
1085.88	10.0373
1089.23	10.1252
1092.58	12.058
1095.94	11.9701
1099.29	12.5851
1102.64	11.5309
1105.98	13.0244
1109.33	12.5851
1112.68	13.2001
1116.02	14.2543
1119.37	13.9029
1122.71	15.3086
1126.05	15.3964
1129.39	15.3964
1132.73	16.0114
1136.06	15.2207
1139.4	16.275
1142.73	17.2414
1146.07	16.9778
1149.4	16.4507
1152.73	17.4171
1156.06	18.2956
1159.39	17.7685
1162.71	19.0863
1166.04	19.0863
1169.36	20.5798
1172.68	21.2827
1176.01	20.3163
1179.33	23.1276
1182.65	21.6341
1185.96	21.8098
1189.28	22.7762
1192.59	21.5462
1195.91	24.9725
1199.22	25.1483
1202.53	26.8175
1205.84	26.9932
1209.15	25.5875
1212.46	27.5203
1215.77	27.5203
1219.07	30.2438
1222.37	29.3653
1225.68	31.1223
1228.98	32.8794
1232.28	33.6701
1235.58	34.0215
1238.87	35.0758
1242.17	37.7114
1245.47	37.36
1248.76	38.5899
1252.05	39.732
1255.34	40.1713
1258.63	42.3677
1261.92	45.794
1265.21	46.7604
1268.5	46.5847
1271.78	50.2745
1275.07	50.4503
1278.35	53.3494
1281.63	52.8223
1284.91	56.4243
1288.19	57.3907
1291.47	60.2021
1294.74	61.432
1298.02	67.4061
1301.29	65.034
1304.56	71.2717
1307.83	74.7859
1311.11	75.7523
1314.37	77.5093
1317.64	81.902
1320.91	85.5919
1324.17	87.1733
1327.44	89.1061
1330.7	90.5996
1333.96	91.2146
1337.22	97.8915
1340.48	100.791
1343.74	103.075
1346.99	98.77
1350.25	101.318
1353.5	102.284
1356.76	100.351
1360.01	99.2972
1363.26	101.669
1366.51	96.6615
1369.76	98.6822
1373	92.2688
1376.25	95.3437
1379.49	90.4239
1382.73	88.6668
1385.98	84.6255
1389.22	80.4085
1392.46	80.8478
1395.69	74.083
1398.93	74.083
1402.17	73.5559
1405.4	71.9745
1408.63	69.866
1411.87	65.649
1415.1	66.0004
1418.33	62.3106
1421.56	62.662
1424.78	57.7421
1428.01	59.06
1431.23	54.228
1434.46	55.4579
1437.68	50.9774
1440.9	51.9438
1444.12	52.1195
1447.34	52.1195
1450.55	49.4839
1453.77	49.4839
1456.99	49.396
1460.2	48.6053
1463.41	49.5717
1466.62	48.781
1469.83	47.2875
1473.04	47.1996
1476.25	46.1454
1479.46	46.6725
1482.66	47.7268
1485.87	48.166
1489.07	47.6389
1492.27	48.2539
1495.47	46.409
1498.67	50.011
1501.87	48.8689
1505.07	47.3754
1508.26	50.0988
1511.46	49.9231
1514.65	48.6932
1517.84	48.781
1521.03	52.0316
1524.22	50.7138
1527.41	50.011
1530.6	51.2409
1533.79	54.5794
1536.97	55.7215
1540.15	55.7215
1543.34	55.1065
1546.52	59.7628
1549.7	59.4114
1552.88	59.1478
1556.05	60.2899
1559.23	64.6826
1562.41	64.9462
1565.58	69.0753
1568.75	66.4397
1571.92	71.8867
1575.1	74.9616
1578.27	79.4421
1581.43	83.3956
1584.6	87.4369
1587.77	87.4369
1590.93	91.4781
1594.09	96.8372
1597.26	95.3437
1600.42	95.3437
1603.58	99.4729
1606.74	100
1609.9	96.1344
1613.05	96.7494
1616.21	93.9381
1619.36	92.7081
1622.51	85.5041
1625.67	83.0441
1628.82	77.7729
1631.97	72.9409
1635.11	67.1425
1638.26	60.9928
1641.41	53.4373
1644.55	52.383
1647.69	47.4632
1650.84	40.6984
1653.98	36.9207
1657.12	32.8794
1660.26	29.1895
1663.4	26.2904
1666.53	23.7426
1669.67	20.4041
1672.8	19.9649
1675.93	16.6264
1679.07	15.7479
1682.2	14.0786
1685.33	13.5515
1688.46	12.3215
1691.58	10.213
1694.71	11.3552
1697.83	10.4766
1700.96	9.42236
1704.08	7.40171
1707.2	8.98309
1710.32	7.92884
1713.44	7.13815
1716.56	6.43532
1719.68	6.52317
1722.79	6.17175
1725.91	5.55678
1729.02	5.90819
1732.13	5.99605
1735.24	5.64463
1738.35	4.9418
1741.46	4.32682
1744.57	3.79969
1747.68	3.88755
1750.78	4.32682
1753.88	4.50253
1756.99	2.92115
1760.09	3.18471
1763.19	3.62398
1766.29	4.23896
1769.39	3.88755
1772.49	3.53613
1775.58	3.9754
1778.68	4.06325
1781.77	2.8333
1784.86	3.9754
1787.96	3.36042
1791.05	4.06325
1794.14	3.44828
1797.22	3.36042
1800.31	2.92115
1803.4	2.92115
1806.48	2.48188
1809.56	3.53613
1812.65	3.18471
1815.73	3.00901
1818.81	3.27257
1821.89	2.65759
1824.96	2.92115
1828.04	3.36042
1831.12	2.48188
1834.19	2.56973
1837.26	2.21832
1840.34	3.71184
1843.41	2.04261
1846.48	2.8333
1849.55	2.48188
1852.62	2.39403
1855.68	2.13046
1858.75	2.21832
1861.81	3.44828
1864.88	1.77905
1867.94	2.65759
1871	2.65759
1874.06	3.18471
1877.12	2.8333
1880.17	2.56973
1883.23	2.8333
1886.29	3.09686
1889.34	3.00901
1892.39	3.09686
1895.45	2.74544
1898.5	2.56973
1901.55	1.95476
1904.6	2.04261
1907.64	2.56973
1910.69	2.30617
1913.73	3.36042
1916.78	2.92115
1919.82	3.9754
1922.86	2.48188
1925.9	2.65759
1928.94	2.21832
1931.98	1.60334
1935.02	2.39403
1938.06	2.30617
1941.09	3.00901
1944.13	3.09686
1947.16	2.48188
1950.19	2.65759
1953.22	3.00901
1956.25	3.00901
1959.28	2.48188
1962.31	2.48188
1965.33	2.13046
1968.36	2.56973
1971.38	3.36042
1974.41	2.92115
1977.43	2.13046
1980.45	3.36042
1983.47	2.30617
1986.49	2.39403
1989.5	1.95476
1992.52	2.65759
1995.54	2.13046
1998.55	3.62398
2001.56	2.74544
2004.58	3.44828
2007.59	2.21832
2010.6	3.44828
2013.6	3.44828
2016.61	2.30617
2019.62	3.44828
2022.62	3.62398
2025.63	1.60334
2028.63	3.00901
2031.63	3.09686
2034.63	2.8333
2037.63	2.74544
2040.63	3.36042
2043.63	3.18471
2046.63	3.53613
2049.62	2.65759
2052.62	3.09686
2055.61	3.36042
2058.6	2.8333
2061.6	2.8333
2064.59	3.18471
2067.58	2.56973
2070.56	2.8333
2073.55	2.30617
2076.54	3.09686
2079.52	3.62398
2082.5	2.8333
2085.49	1.33978
2088.47	3.88755
2091.45	2.8333
2094.43	3.09686
2097.41	2.39403
2100.38	3.44828
2103.36	3.00901
2106.33	2.74544
2109.31	3.09686
2112.28	3.36042
2115.25	2.92115
2118.22	3.36042
2121.19	3.44828
2124.16	3.00901
2127.13	2.39403
2130.1	3.53613
2133.06	3.09686
2136.03	3.44828
2138.99	3.18471
2141.95	2.21832
2144.91	1.95476
2147.87	2.8333
2150.83	3.09686
2153.79	2.30617
2156.75	3.27257
2159.7	3.44828
2162.66	4.15111
2165.61	2.21832
2168.56	3.00901
2171.51	2.56973
2174.46	2.65759
2177.41	3.53613
2180.36	3.44828
2183.31	3.27257
2186.25	3.62398
2189.2	1.8669
2192.14	3.44828
2195.09	3.44828
2198.03	3.18471
2200.97	2.56973
2203.91	2.65759
2206.85	2.39403
2209.78	3.00901
2212.72	3.53613
2215.66	3.00901
2218.59	2.56973
2221.53	3.36042
2224.46	2.30617
2227.39	3.18471
2230.32	3.18471
2233.25	2.92115
2236.18	3.00901
2239.1	2.74544
2242.03	3.00901
2244.95	3.18471
2247.88	3.71184
2250.8	2.65759
2253.72	3.36042
2256.64	3.79969
2259.56	3.53613
2262.48	3.00901
2265.4	2.92115
2268.32	3.53613
2271.23	3.53613
2274.15	3.00901
2277.06	3.88755
2279.97	3.18471
2282.88	2.56973
2285.79	1.60334
2288.7	3.36042
2291.61	3.36042
2294.52	3.53613
2297.42	4.15111
2300.33	3.88755
2303.23	3.44828
2306.14	3.79969
2309.04	4.15111
2311.94	3.62398
2314.84	4.32682
2317.74	3.9754
2320.63	4.59038
2323.53	3.62398
2326.43	3.36042
2329.32	3.88755
2332.22	3.18471
2335.11	4.41467
2338	3.9754
2340.89	3.00901
2343.78	4.50253
2346.67	3.79969
2349.56	3.71184
2352.44	3.88755
2355.33	3.71184
2358.21	3.18471
2361.1	4.23896
2363.98	4.32682
2366.86	4.85394
2369.74	3.9754
2372.62	4.67823
2375.5	3.88755
2378.37	4.32682
2381.25	3.71184
2384.12	4.76609
2387	4.9418
2389.87	6.34746
2392.74	4.06325
2395.61	5.11751
2398.48	4.06325
2401.35	5.11751
2404.22	4.67823
2407.09	4.85394
2409.95	5.11751
2412.82	6.17175
2415.68	3.9754
2418.55	5.90819
2421.41	4.9418
2424.27	5.46892
2427.13	5.55678
2429.99	6.0839
2432.84	4.59038
2435.7	5.55678
2438.56	6.61103
2441.41	6.34746
2444.26	6.34746
2447.12	5.99605
2449.97	5.82034
2452.82	6.17175
2455.67	5.82034
2458.52	6.0839
2461.36	6.0839
2464.21	6.52317
2467.06	6.25961
2469.9	7.48957
2472.75	6.87459
2475.59	6.52317
2478.43	7.13815
2481.27	6.17175
2484.11	6.0839
2486.95	7.0503
2489.79	6.69888
2492.62	7.75313
2495.46	6.52317
2498.29	7.13815
2501.13	7.75313
2503.96	6.96244
2506.79	7.84098
2509.62	7.0503
2512.45	7.75313
2515.28	8.28025
2518.1	7.40171
2520.93	8.36811
2523.76	7.92884
2526.58	7.84098
2529.4	7.57742
2532.23	5.82034
2535.05	8.71953
2537.87	8.10455
2540.69	8.28025
2543.51	9.59807
2546.32	8.54382
2549.14	9.51021
2551.96	8.45596
2554.77	9.24665
2557.58	8.63167
2560.4	9.07094
2563.21	8.63167
2566.02	9.51021
2568.83	9.86163
2571.64	9.07094
2574.45	8.98309
2577.25	10.3888
2580.06	9.68592
2582.86	10.1252
2585.66	9.77378
2588.47	9.68592
2591.27	8.89523
2594.07	10.5645
2596.87	9.68592
2599.67	9.59807
2602.47	10.213
2605.26	10.1252
2608.06	11.7066
2610.85	10.213
2613.65	12.058
2616.44	12.3215
2619.23	11.0916
2622.02	12.2337
2624.81	11.1794
2627.6	11.2673
2630.39	13.2879
2633.17	12.4094
2635.96	11.9701
2638.75	12.3215
2641.53	12.5851
2644.31	12.058
2647.09	12.1458
2649.88	12.5851
2652.66	13.2879
2655.43	13.0244
2658.21	12.9365
2660.99	12.5851
2663.76	14.6936
2666.54	13.5515
2669.31	13.9908
2672.09	14.6936
2674.86	13.2001
2677.63	13.1122
2680.4	12.8487
2683.17	13.2879
2685.94	11.7066
2688.71	14.0786
2691.47	13.9029
2694.24	12.4973
2697	14.2543
2699.77	13.2879
2702.53	14.5179
2705.29	14.5179
2708.05	13.9029
2710.81	14.2543
2713.57	13.6394
2716.33	14.6058
2719.08	13.0244
2721.84	13.5515
2724.59	13.0244
2727.35	12.7608
2730.1	13.7272
2732.85	14.43
2735.6	13.4637
2738.35	12.7608
2741.1	14.0786
2743.85	14.1665
2746.6	14.2543
2749.34	14.3422
2752.09	13.0244
2754.83	13.8151
2757.58	15.66
2760.32	13.6394
2763.06	14.7815
2765.8	13.8151
2768.54	13.3758
2771.28	12.2337
2774.02	13.4637
2776.75	13.4637
2779.49	13.6394
2782.22	13.5515
2784.96	13.7272
2787.69	11.6187
2790.42	13.1122
2793.15	13.2879
2795.88	13.2001
2798.61	12.2337
2801.34	13.2879
2804.07	12.673
2806.79	14.6058
2809.52	12.5851
2812.24	12.058
2814.96	12.9365
2817.69	15.1329
2820.41	13.9029
2823.13	13.5515
2825.85	13.2879
2828.57	14.3422
2831.28	12.5851
2834	13.5515
2836.72	13.0244
2839.43	14.8693
2842.15	14.2543
2844.86	13.9908
2847.57	14.1665
2850.28	14.1665
2852.99	13.4637
2855.7	13.7272
2858.41	15.4843
2861.12	12.058
2863.82	13.1122
2866.53	13.7272
2869.23	13.8151
2871.94	13.3758
2874.64	14.1665
2877.34	12.673
2880.04	13.6394
2882.74	13.8151
2885.44	13.3758
2888.14	14.3422
2890.83	13.8151
2893.53	13.6394
2896.22	13.6394
2898.92	13.7272
2901.61	13.6394
2904.3	15.5722
2907	14.6936
2909.69	15.2207
2912.38	14.6058
2915.06	14.43
2917.75	13.7272
2920.44	14.43
2923.12	14.9572
2925.81	13.9908
2928.49	14.2543
2931.18	14.1665
2933.86	13.4637
2936.54	15.9236
2939.22	15.1329
2941.9	13.2879
2944.58	13.6394
2947.26	12.4094
2949.93	14.9572
2952.61	14.6058
2955.28	13.6394
2957.95	13.5515
2960.63	11.2673
2963.3	14.2543
2965.97	12.8487
2968.64	13.7272
2971.31	12.9365
2973.98	12.8487
2976.65	12.4094
2979.31	13.0244
2981.98	12.3215
2984.64	12.058
2987.31	12.2337
2989.97	10.4766
2992.63	12.9365
2995.29	11.6187
2997.95	11.3552
3000.61	11.5309
3003.27	11.5309
3005.93	11.443
3008.58	10.213
3011.24	10.828
3013.89	9.77378
3016.55	10.1252
3019.2	10.6523
3021.85	9.94948
3024.5	11.0916
3027.15	9.59807
3029.8	9.51021
3032.45	9.77378
3035.1	9.51021
3037.74	9.59807
3040.39	9.33451
3043.03	9.51021
3045.68	7.226
3048.32	8.1924
3050.96	8.71953
3053.6	8.71953
3056.24	7.75313
3058.88	8.1924
3061.52	7.0503
3064.15	7.92884
3066.79	8.01669
3069.43	7.48957
3072.06	8.10455
3074.7	7.84098
3077.33	7.84098
3079.96	6.87459
3082.59	7.40171
3085.22	7.57742
3087.85	6.87459
3090.48	7.75313
3093.1	6.34746
3095.73	7.57742
3098.36	6.96244
3100.98	6.69888
3103.61	7.0503
3106.23	6.25961
3108.85	5.99605
3111.47	6.43532
3114.09	6.25961
3116.71	6.52317
3119.33	6.61103
3121.95	7.31386
3124.56	5.38107
3127.18	5.11751
3129.79	6.69888
3132.41	5.99605
3135.02	7.226
3137.63	6.34746
3140.24	5.90819
3142.85	5.20536
3145.46	7.40171
3148.07	5.73248
3150.68	5.99605
3153.29	6.69888
3155.89	5.55678
3158.5	5.29321
3161.1	6.96244
3163.71	6.17175
3166.31	5.46892
3168.91	6.17175
3171.51	5.99605
3174.11	5.99605
3176.71	6.34746
3179.31	6.52317
3181.9	5.99605
3184.5	5.29321
3187.09	5.20536
3189.69	5.20536
3192.28	5.46892
3194.87	5.29321
3197.47	4.67823
3200.06	6.0839
3202.65	4.67823
3205.24	6.43532
3207.83	5.99605
3210.41	4.85394
3213	5.29321
3215.58	5.02965
3218.17	5.38107
3220.75	4.59038
3223.34	4.85394
3225.92	5.38107
3228.5	5.64463
3231.08	5.73248
3233.66	4.85394
3236.24	5.11751
3238.82	4.23896
3241.39	4.06325
3243.97	3.79969
3246.54	4.59038
3249.12	4.06325
3251.69	5.02965
3254.26	3.88755
3256.84	4.06325
3259.41	4.32682
3261.98	4.06325
3264.54	4.41467
3267.11	4.59038
3269.68	4.23896
3272.25	3.9754
3274.81	4.41467
3277.38	3.09686
3279.94	3.88755
3282.5	2.65759
3285.07	3.36042
3287.63	2.30617
3290.19	3.44828
3292.75	3.09686
3295.31	3.44828
3297.86	2.04261
3300.42	3.36042
3302.98	2.56973
3305.53	2.8333
3308.09	2.8333
3310.64	2.65759
3313.19	3.44828
3315.74	3.27257
3318.29	3.09686
3320.84	2.13046
3323.39	2.8333
3325.94	3.53613
3328.49	2.04261
3331.04	2.65759
3333.58	2.21832
3336.13	2.8333
3338.67	3.53613
3341.21	2.13046
3343.76	2.92115
3346.3	2.8333
3348.84	2.04261
3351.38	3.53613
3353.92	1.95476
3356.46	2.30617
3358.99	1.8669
3361.53	2.04261
3364.06	3.18471
3366.6	1.95476
3369.13	2.74544
3371.67	1.60334
3374.2	3.00901
3376.73	2.92115
3379.26	2.48188
3381.79	2.04261
3384.32	3.18471
3386.85	2.56973
3389.37	1.95476
3391.9	2.21832
3394.42	2.21832
3396.95	2.65759
3399.47	1.42763
3401.99	2.39403
3404.52	2.92115
3407.04	2.74544
3409.56	2.65759
3412.08	2.65759
3414.59	2.21832
3417.11	1.51548
3419.63	2.21832