-300.786	-5.83457
-296.886	-10.9626
-292.989	-5.09059
-289.094	-4.21851
-285.201	-5.34638
-281.309	-12.4742
-277.419	-6.60199
-273.528	-8.72979
-269.641	-10.8575
-265.755	-10.9851
-261.871	-5.11274
-257.989	-7.2403
-254.108	-5.36782
-250.229	-4.49529
-246.352	-11.6227
-242.476	-5.7501
-238.599	-4.8775
-234.726	-6.0048
-230.855	-11.1321
-226.985	-9.25926
-223.117	1.61358
-219.25	-0.513542
-215.385	-3.64062
-211.522	-1.76765
-207.66	0.105354
-203.8	-3.02159
-199.941	2.85151
-196.084	2.72466
-192.228	-0.402161
-188.376	5.47113
-184.524	13.3444
-180.673	7.21772
-176.824	11.0911
-172.976	2.96449
-169.13	9.83794
-165.285	11.7114
-161.442	5.58496
-157.601	21.4585
-153.763	16.3322
-149.924	14.2059
-146.087	13.0796
-142.252	16.9533
-138.418	18.8271
-134.586	17.701
-130.758	30.5749
-126.929	50.4489
-123.101	137.323
-119.275	158.197
-115.453	150.071
-111.63	111.945
-107.809	105.819
-103.989	100.693
-100.173	98.5676
-96.3559	99.4419
-92.5406	95.3162
-88.7292	110.191
-84.9171	112.065
-81.1065	98.9395
-77.2996	105.814
-73.4921	142.689
-69.6861	152.563
-65.8839	161.438
-62.081	169.312
-58.2818	179.187
-54.4819	221.062
-50.6836	261.937
-46.889	280.812
-43.0938	351.687
-39.3022	396.562
-35.51	476.436
-31.7215	624.312
-27.9324	792.187
-24.1469	1097.06
-20.3608	1564.94
-16.5784	2315.81
-12.7954	4041.69
-9.01603	44849.6
-5.23603	64372.4
-1.4597	64372.3
2.31727	64372.2
6.09056	64372.1
9.8645	15827.9
13.6348	2325.82
17.4035	1632.69
21.1729	1186.57
24.9386	916.442
28.705	767.318
32.4677	598.194
36.2289	514.069
39.9907	443.945
43.7489	380.821
47.5056	357.697
51.2629	313.573
55.0166	259.449
58.7687	246.325
62.5194	227.201
66.2707	204.077
70.0184	184.953
73.7645	177.83
77.5092	165.706
81.2545	171.582
84.9962	164.459
88.7363	156.335
92.475	153.211
96.2122	149.088
99.95	159.964
103.684	172.841
107.417	172.718
111.148	210.594
114.878	227.471
118.606	281.348
122.335	312.224
126.06	173.101
129.784	99.9781
133.506	49.855
137.227	56.732
140.946	52.609
144.664	53.486
148.381	36.3631
152.095	46.2402
155.809	43.1174
159.521	36.9946
163.231	38.8718
166.94	40.7491
170.648	34.6264
174.354	36.5038
178.058	47.3812
181.761	40.2586
185.463	39.1361
189.163	30.0136
192.862	32.8912
196.559	34.7688
200.254	32.6464
203.947	22.5242
207.639	20.4019
211.331	21.2797
215.02	15.1575
218.709	26.0354
222.396	24.9133
226.081	28.7912
229.763	21.6692
233.446	18.5472
237.127	27.4253
240.806	26.3034
244.484	15.1815
248.159	23.0598
251.834	17.938
255.508	8.81627
259.18	14.6946
262.849	19.573
266.518	23.4514
270.186	26.3298
273.851	25.2083
277.516	21.0868
281.179	8.96535
284.839	14.844
288.5	15.7226
292.159	9.6013
295.815	22.4801
299.471	24.3588
303.126	8.23759
306.778	9.11648
310.43	13.9954
314.078	10.8743
317.727	6.75327
321.373	13.6323
325.019	7.51134
328.664	11.3904
332.305	10.2696
335.947	12.1487
339.586	14.028
343.225	15.9072
346.861	9.78654
350.497	5.66585
354.129	3.54527
357.761	3.42471
361.393	18.3041
365.021	14.1837
368.65	5.06318
372.276	5.94279
375.902	-0.17762
379.525	0.702065
383.146	5.58179
386.768	8.4615
390.386	18.3413
394.003	18.2212
397.621	10.101
401.235	11.9809
404.848	14.8609
408.461	1.74083
412.071	1.62087
415.68	15.501
419.287	11.3811
422.894	13.2612
426.499	12.1414
430.101	9.02163
433.703	7.90191
437.305	14.7822
440.904	21.6625
444.501	13.5429
448.096	16.4234
451.691	12.3039
455.286	5.18432
458.877	11.0649
462.467	3.94547
466.056	7.8261
469.644	5.70678
473.229	13.5875
476.814	11.4682
480.397	13.349
483.979	-1.77012
487.561	8.11069
491.14	10.9916
494.718	14.8726
498.294	4.75354
501.868	20.6346
505.442	12.5156
509.014	10.3967
512.584	3.27788
516.153	1.15906
519.721	10.0403
523.288	10.9215
526.852	6.80285
530.414	9.68424
533.976	11.5656
537.537	7.44704
541.096	3.32849
544.654	0.209984
548.211	10.0915
551.766	8.97308
555.32	9.85469
558.873	6.73634
562.422	13.6181
565.971	11.4998
569.52	2.38158
573.067	1.26338
576.612	7.14523
580.154	19.0272
583.697	4.90907
587.239	6.79102
590.779	13.673
594.315	15.5551
597.853	8.43718
601.389	6.31929
604.923	4.20145
608.454	21.0837
611.986	4.96591
615.517	5.84818
619.044	12.7305
622.571	5.61288
626.098	13.4952
629.621	-3.62228
633.144	0.260178
636.664	-1.85728
640.185	12.0253
643.705	8.90782
647.221	6.7905
650.738	4.67314
654.251	-0.444122
657.765	10.4386
661.276	2.32141
664.787	8.20421
668.295	6.0871
671.804	8.96997
675.309	11.8529
678.815	14.7359
682.317	7.61893
685.82	5.50195
689.32	8.38508
692.821	3.26818
696.318	7.15137
699.814	10.0346
703.31	9.91782
706.803	8.80112
710.297	6.68441
713.787	8.56779
717.276	13.4512
720.766	15.3346
724.252	17.2181
727.737	9.10165
731.223	8.98516
734.705	11.8688
738.186	8.75241
741.666	16.6361
745.146	18.5198
748.623	1.40351
752.099	11.2873
755.573	9.17113
759.048	12.055
762.519	14.9389
765.99	12.8228
769.458	14.7068
772.926	12.5908
776.394	11.4748
779.859	15.3589
783.323	10.243
786.785	4.1272
790.246	5.0114
793.705	22.8956
797.164	13.7799
800.621	12.6642
804.076	21.5486
807.532	7.43292
810.985	22.3174
814.437	13.2018
817.887	11.0863
821.336	19.9709
824.784	26.8554
828.23	27.74
831.675	15.6247
835.119	30.5094
838.561	10.3941
842.002	11.2789
845.44	21.1637
848.878	31.0485
852.316	17.9334
855.751	23.8183
859.186	21.7033
862.619	13.5882
866.051	15.4733
869.481	11.3583
872.91	11.2434
876.336	16.1286
879.763	8.01375
883.188	14.8989
886.612	10.7842
890.035	11.6695
893.454	4.55482
896.874	20.4402
900.293	11.3256
903.71	7.21097
907.125	3.09648
910.539	12.982
913.953	3.8675
917.363	17.7531
920.774	18.6387
924.184	7.52435
927.59	5.41008
930.997	22.2958
934.403	19.1815
937.805	11.0674
941.208	13.9532
944.61	16.8391
948.009	24.725
951.408	18.6109
954.804	11.4969
958.201	17.3829
961.594	22.269
964.988	27.1551
968.381	17.0412
971.77	12.9274
975.16	13.8136
978.547	11.6999
981.933	14.5862
985.319	21.4725
988.702	20.3588
992.086	18.2452
995.467	23.1316
998.848	19.0181
1002.23	30.9046
1005.6	27.7911
1008.98	24.6777
1012.35	18.5643
1015.73	23.4509
1019.1	24.3376
1022.47	29.2243
1025.84	18.1111
1029.21	26.9979
1032.58	20.8847
1035.94	22.7715
1039.31	19.6585
1042.67	22.5454
1046.03	24.4324
1049.39	30.3194
1052.75	30.2064
1056.11	34.0935
1059.47	31.9806
1062.82	27.8678
1066.18	30.7549
1069.53	27.6422
1072.88	37.5294
1076.23	37.4167
1079.58	34.3041
1082.93	32.1915
1086.27	30.0789
1089.62	45.9663
1092.96	51.8537
1096.3	60.7413
1099.65	35.6288
1102.98	36.5164
1106.32	44.404
1109.66	53.2917
1113	53.1794
1116.33	51.0671
1119.66	36.9548
1123	56.8427
1126.33	34.7305
1129.66	46.6184
1132.99	47.5062
1136.31	48.3942
1139.64	40.2822
1142.96	36.1702
1146.29	64.0582
1149.61	51.9463
1152.93	58.8344
1156.25	43.7226
1159.57	36.6108
1162.88	47.499
1166.2	42.3872
1169.52	51.2755
1172.83	53.1639
1176.14	53.0523
1179.45	47.9406
1182.76	47.8291
1186.07	53.7176
1189.37	60.6061
1192.68	54.4946
1195.98	57.3832
1199.29	68.2718
1202.59	60.1605
1205.89	55.0491
1209.19	75.9379
1212.49	57.8266
1215.78	62.7154
1219.08	57.6042
1222.37	66.4931
1225.67	77.382
1228.96	63.2709
1232.25	67.1599
1235.54	74.0489
1238.82	76.9379
1242.11	70.827
1245.4	89.7161
1248.68	65.6052
1251.96	81.4944
1255.25	75.3836
1258.53	98.2729
1261.81	101.162
1265.08	80.0515
1268.36	109.941
1271.63	94.8302
1274.91	87.7196
1278.18	113.609
1281.45	108.499
1284.72	109.388
1287.99	124.278
1291.26	125.167
1294.53	151.057
1297.79	161.947
1301.06	169.836
1304.32	186.726
1307.58	204.616
1310.84	222.506
1314.1	258.395
1317.36	259.285
1320.62	312.175
1323.87	362.065
1327.13	430.955
1330.38	521.845
1333.63	611.735
1336.88	742.625
1340.13	911.515
1343.38	1102.41
1346.63	1245.3
1349.87	1365.19
1353.11	1435.08
1356.36	1392.97
1359.6	1263.86
1362.84	1055.75
1366.08	935.637
1369.32	759.528
1372.56	613.418
1375.79	496.309
1379.03	402.199
1382.26	339.09
1385.49	306.98
1388.72	275.871
1391.95	223.762
1395.18	190.652
1398.41	190.543
1401.63	160.434
1404.86	158.325
1408.08	165.216
1411.31	166.106
1414.53	125.997
1417.75	143.888
1420.96	131.779
1424.18	146.67
1427.4	121.561
1430.61	136.452
1433.83	115.343
1437.04	120.234
1440.25	141.126
1443.46	132.017
1446.67	142.908
1449.88	125.799
1453.09	159.691
1456.29	149.582
1459.5	161.473
1462.7	144.365
1465.9	168.256
1469.1	190.148
1472.3	195.039
1475.5	196.931
1478.7	209.822
1481.89	210.714
1485.09	205.606
1488.28	207.497
1491.47	196.389
1494.66	229.281
1497.85	220.172
1501.04	196.064
1504.23	210.956
1507.42	212.848
1510.6	209.74
1513.78	207.632
1516.97	214.524
1520.15	268.416
1523.33	242.308
1526.51	254.2
1529.68	294.092
1532.86	333.984
1536.04	356.876
1539.21	378.769
1542.38	429.661
1545.56	512.553
1548.73	564.445
1551.9	685.338
1555.06	833.23
1558.23	992.123
1561.4	1261.02
1564.56	1632.91
1567.73	2198.8
1570.89	2942.69
1574.05	3901.58
1577.21	5185.48
1580.37	6537.37
1583.53	7573.26
1586.68	7480.16
1589.84	6465.05
1592.99	5219.94
1596.14	3884.83
1599.3	2868.73
1602.45	2140.62
1605.6	1660.51
1608.74	1301.41
1611.89	1076.3
1615.04	933.192
1618.18	882.085
1621.33	812.978
1624.47	806.871
1627.61	721.764
1630.75	558.657
1633.89	414.55
1637.03	353.443
1640.16	271.337
1643.3	221.23
1646.43	244.123
1649.57	176.017
1652.7	174.91
1655.83	153.803
1658.96	146.697
1662.08	130.59
1665.21	140.484
1668.34	125.378
1671.46	112.271
1674.59	98.1647
1677.71	93.0281
1680.83	98.7902
1683.95	77.1651
1687.07	81.0518
1690.19	86.148
1693.3	82.4945
1696.42	78.9063
1699.53	67.3186
1702.65	84.8433
1705.76	73.8334
1708.87	74.9932
1711.98	70.7866
1715.09	60.3124
1718.2	70.8133
1721.3	64.1891
1724.41	71.0389
1727.51	56.8433
1730.61	54.7137
1733.72	68.7926
1736.82	60.2954
1739.92	60.0733
1743.01	47.3077
1746.11	54.8349
1749.21	61.7136
1752.3	53.0933
1755.39	46.2402
1758.49	45.1288
1761.58	39.9373
1764.67	36.5693
1767.76	50.6946
1770.85	48.6005
1773.93	43.0366
1777.02	39.2642
1780.1	31.4049
1783.19	37.6757
1786.27	37.301
1789.35	36.3761
1792.43	40.221
1795.51	40.6488
1798.59	38.5855
1801.66	33.8728
1804.74	31.8692
1807.81	40.3579
1810.89	44.6894
1813.96	38.3088
1817.03	33.0004
1820.1	36.2571
1823.17	33.9055
1826.24	33.0438
1829.3	39.3286
1832.37	27.2044
1835.43	28.399
1838.49	31.6231
1841.56	33.4901
1844.62	40.682
1847.68	39.2413
1850.73	37.1423
1853.79	38.9581
1856.85	34.3622
1859.9	34.5736
1862.95	38.2824
1866.01	38.5939
1869.06	37.1943
1872.11	36.2282
1875.16	32.3638
1878.21	37.1079
1881.26	39.8231
1884.3	41.9084
1887.35	39.3716
1890.39	40.9523
1893.43	31.707
1896.48	38.5898
1899.52	30.7408
1902.56	38.2865
1905.59	37.8868
1908.63	37.0657
1911.67	34.2465
1914.7	29.0907
1917.73	28.8604
1920.77	31.0242
1923.8	36.9405
1926.83	28.58
1929.86	28.2397
1932.89	37.3896
1935.91	28.2639
1938.94	19.808
1941.96	31.3227
1944.99	28.0168
1948.01	23.1655
1951.03	23.5459
1954.05	24.222
1957.07	36.6964
1960.09	33.1053
1963.11	29.7633
1966.12	21.5217
1969.14	35.1771
1972.15	27.0558
1975.17	34.0056
1978.18	34.7916
1981.19	26.8478
1983.7	28.4473
1986.72	32.3528
1989.73	28.2583
1992.75	26.1639
1995.76	35.0695
1998.78	25.9751
2001.79	23.8807
2004.8	29.7864
2007.81	26.6921
2010.82	30.5979
2013.83	36.5036
2016.83	31.4094
2019.84	35.3152
2022.84	29.2211
2025.85	40.127
2028.85	38.0329
2031.85	26.9389
2034.85	30.8448
2037.85	22.7508
2040.85	24.6569
2043.84	28.563
2046.84	26.469
2049.83	34.3752
2052.83	31.2813
2055.82	22.1875
2058.81	26.0937
2061.8	34
2064.79	31.9063
2067.78	29.8126
2070.77	32.7189
2073.75	38.6253
2076.74	31.5317
2079.72	28.4382
2082.7	26.3446
2085.69	20.2511
2088.67	27.1577
2091.65	26.0642
2094.63	30.9708
2097.6	38.8774
2100.58	22.784
2103.55	35.6907
2106.53	19.5974
2109.5	26.5042
2112.47	29.4109
2115.44	36.3177
2118.41	12.2246
2121.38	16.1314
2124.35	22.0383
2127.32	18.9452
2130.28	21.8521
2133.25	18.7591
2136.21	18.6661
2139.17	34.5732
2142.13	31.4802
2145.09	16.3873
2148.05	23.2945
2151.01	22.2016
2153.97	31.1088
2156.92	20.016
2159.88	26.9232
2162.83	24.8305
2165.78	27.7378
2168.74	21.6451
2171.69	34.5525
2174.64	28.4599
2177.59	26.3673
2180.53	29.2748
2183.48	22.1822
2186.42	19.0898
2189.37	27.9973
2192.31	25.9049
2195.25	22.8125
2198.2	21.7201
2201.13	32.6278
2204.08	18.5354
2207.01	31.4431
2209.95	19.3509
2212.88	23.2587
2215.82	24.1665
2218.75	20.0743
2221.69	22.9822
2224.62	28.8901
2227.55	23.798
2230.48	10.7059
2233.41	14.6139
2236.33	24.5219
2239.26	28.43
2242.18	15.338
2245.11	20.2462
2248.03	25.1543
2250.95	32.0624
2253.88	10.9706
2256.79	27.8789
2259.71	28.7871
2262.63	29.6954
2265.55	21.6037
2268.46	33.512
2271.38	22.4204
2274.29	39.3288
2277.21	22.2372
2280.12	19.1456
2283.03	27.0541
2285.94	30.9626
2288.85	16.8711
2291.75	13.7797
2294.66	31.6883
2297.57	19.5969
2300.47	20.5056
2303.37	22.4143
2306.28	33.323
2309.18	29.2317
2312.08	26.1405
2314.98	29.0493
2317.87	26.9581
2320.77	27.867
2323.67	25.7758
2326.56	24.6847
2329.46	31.5937
2332.35	29.5027
2335.24	18.4117
2338.13	32.3207
2341.02	42.2298
2343.91	40.1388
2346.8	31.0479
2349.69	28.9571
2352.57	19.8663
2355.46	36.7755
2358.34	23.6847
2361.22	27.594
2364.1	19.5032
2366.99	23.4125
2369.86	34.3219
2372.74	36.2313
2375.62	31.1407
2378.5	38.0501
2381.37	27.9595
2384.25	37.8691
2387.12	29.7786
2389.99	28.6881
2392.87	48.5977
2395.73	32.5073
2398.6	39.4169
2401.47	45.3266
2404.34	44.2363
2407.21	49.146
2410.07	56.0557
2412.94	47.9655
2415.8	45.8753
2418.66	53.7851
2421.52	63.695
2424.38	68.6049
2427.24	70.5148
2430.1	70.4247
2432.96	89.3347
2435.81	83.2447
2438.67	95.1547
2441.52	109.065
2444.38	123.975
2447.23	129.885
2450.08	129.795
2452.93	133.705
2455.78	131.615
2458.63	130.526
2461.47	129.436
2464.32	130.346
2467.17	122.257
2470.01	134.167
2472.85	106.077
2475.69	123.988
2478.53	117.898
2481.37	97.8085
2484.21	109.719
2487.05	109.629
2489.89	106.54
2492.72	104.451
2495.56	95.3612
2498.39	84.2718
2501.23	102.182
2504.06	77.0931
2506.89	87.0038
2509.72	83.9146
2512.55	94.8253
2515.38	94.7361
2518.2	82.6469
2521.03	90.5577
2523.85	77.4686
2526.68	88.3795
2529.5	98.2905
2532.32	81.2014
2535.14	91.1124
2537.96	90.0234
2540.78	92.9344
2543.6	84.8455
2546.42	81.7566
2549.23	88.6677
2552.05	79.5789
2554.86	87.49
2557.68	93.4012
2560.49	100.312
2563.3	94.2237
2566.11	91.135
2568.92	97.0463
2571.73	94.9576
2574.53	84.869
2577.34	87.7804
2580.15	104.692
2582.95	102.603
2585.75	92.5147
2588.55	103.426
2591.36	109.338
2594.16	115.249
2596.96	118.161
2599.75	120.073
2602.55	130.984
2605.35	142.896
2608.14	123.808
2610.94	141.719
2613.73	147.631
2616.52	168.543
2619.31	176.455
2622.1	177.366
2624.9	197.278
2627.68	193.19
2630.47	227.102
2633.26	244.014
2636.04	254.926
2638.83	263.838
2641.61	283.75
2644.39	316.662
2647.17	345.574
2649.96	366.486
2652.74	405.398
2655.51	455.311
2658.29	500.223
2661.07	581.135
2663.84	635.047
2666.62	704.96
2669.39	771.872
2672.17	889.784
2674.94	997.696
2677.71	1141.61
2680.48	1318.52
2683.25	1516.43
2686.01	1737.35
2688.78	1952.26
2691.55	2179.17
2694.31	2376.08
2697.08	2597
2699.84	2733.91
2702.6	2768.82
2705.36	2711.73
2708.12	2587.65
2710.88	2431.56
2713.64	2172.47
2716.4	1961.39
2719.16	1784.3
2721.91	1592.21
2724.67	1384.12
2727.42	1245.04
2730.17	1092.95
2732.92	951.862
2735.68	863.775
2738.42	739.688
2741.17	672.601
2743.92	589.514
2746.67	530.427
2749.41	473.34
2752.16	453.253
2754.9	404.166
2757.65	367.08
2760.39	334.993
2763.13	305.906
2765.87	268.819
2768.61	243.732
2771.35	235.646
2774.08	231.559
2776.82	207.472
2779.55	198.386
2782.29	200.299
2785.02	175.213
2787.76	175.126
2790.49	151.04
2793.22	161.953
2795.95	150.867
2798.68	156.78
2801.4	138.694
2804.13	132.607
2806.86	137.521
2809.58	128.435
2812.31	125.348
2815.03	126.262
2817.75	121.176
2820.47	120.09
2823.19	115.003
2825.91	110.917
2828.63	107.831
2831.35	82.7449
2834.06	110.659
2836.78	95.5727
2839.49	95.4866
2842.21	99.4006
2844.92	101.315
2847.63	105.229
2850.34	101.143
2853.05	91.0568
2855.76	112.971
2858.47	108.885
2861.18	103.799
2863.88	106.713
2866.59	81.6276
2869.29	102.542
2872	99.4561
2874.7	84.3704
2877.4	91.2847
2880.1	100.199
2882.8	95.1134
2885.5	124.028
2888.2	98.9422
2890.89	112.857
2893.59	103.771
2896.28	110.686
2898.98	98.6002
2901.67	90.5147
2904.36	128.429
2907.05	122.344
2909.75	119.259
2912.44	143.173
2915.12	141.088
2917.81	149.003
2920.5	164.917
2923.18	160.832
2925.87	159.747
2928.55	174.662
2931.23	171.576
2933.92	178.491
2936.6	181.406
2939.28	165.321
2941.96	205.236
2944.63	200.151
2947.31	188.066
2949.99	192.981
2952.66	190.896
2955.34	167.811
2958.01	190.726
2960.69	166.641
2963.36	153.557
2966.03	158.472
2968.7	150.387
2971.37	142.302
2974.04	126.217
2976.7	132.133
2979.37	115.048
2982.03	107.963
2984.7	82.8786
2987.36	101.794
2990.03	84.7094
2992.69	85.6248
2995.35	85.5403
2998.01	74.4557
3000.67	73.3713
3003.32	73.2868
3005.98	56.2023
3008.64	57.1179
3011.29	55.0335
3013.95	52.9492
3016.6	62.8648
3019.26	54.7805
3021.91	50.6962
3024.56	56.6119
3027.21	54.5277
3029.86	46.4435
3032.51	36.3593
3035.15	45.2751
3037.8	59.1909
3040.44	48.1068
3043.09	51.0228
3045.73	42.9387
3048.37	46.8546
3051.02	32.7706
3053.66	43.6866
3056.3	22.6027
3058.94	45.5187
3061.57	32.4348
3064.21	39.3509
3066.85	47.2671
3069.48	42.1832
3072.12	38.0994
3074.75	49.0156
3077.38	42.9319
3080.02	24.8481
3082.65	36.7644
3085.28	45.6807
3087.91	42.597
3090.53	33.5134
3093.16	37.4298
3095.79	44.3462
3098.41	27.2626
3101.04	32.1791
3103.66	44.0956
3106.29	28.0121
3108.91	33.9286
3111.53	28.8452
3114.15	33.7618
3116.77	33.6784
3119.39	31.595
3122	38.5117
3124.62	35.4284
3127.24	36.3451
3129.85	40.2618
3132.47	33.1786
3135.08	45.0954
3137.69	44.0122
3140.3	54.929
3142.91	44.8459
3145.52	46.7627
3148.13	59.6797
3150.74	52.5966
3153.35	50.5135
3155.95	70.4305
3158.56	88.3475
3161.16	64.2646
3163.76	86.1816
3166.37	70.0987
3168.97	79.0158
3171.57	92.933
3174.17	77.8501
3176.77	84.7673
3179.37	99.6845
3181.96	105.602
3184.56	86.519
3187.15	103.436
3189.75	78.3535
3192.34	80.2709
3194.94	88.1882
3197.53	74.1056
3200.12	62.023
3202.71	67.9404
3205.3	72.8579
3207.89	79.7753
3210.47	75.6929
3213.06	76.6104
3215.65	54.5279
3218.23	57.4455
3220.81	81.3631
3223.4	81.2807
3225.98	88.1984
3228.56	100.116
3231.14	96.0337
3233.72	123.951
3236.3	137.869
3238.88	144.787
3241.46	181.705
3244.03	213.623
3246.61	216.54
3249.18	203.458
3251.75	229.376
3254.33	172.294
3256.9	169.212
3259.47	121.13
3262.04	112.048
3264.61	89.966
3267.18	70.884
3269.75	53.8021
3272.31	46.7202
3274.88	28.6382
3277.44	30.5564
3280.01	15.4745
3282.57	27.3927
3285.13	15.3109
3287.69	19.2291
3290.25	10.1474
3292.81	16.0657
3295.37	23.9839
3297.93	11.9023
3300.49	19.8206
3303.04	15.739
3305.6	12.6574
3308.15	8.57585
3310.71	12.4943
3313.26	0.41275
3315.81	8.33124
3318.36	-0.750244
3320.91	11.1683
3323.46	1.08685
3326.01	16.0054
3328.56	10.9241
3331.11	10.8427
3333.65	13.7614
3336.2	8.68002
3338.74	11.5987
3341.28	6.51749
3343.83	5.43623
3346.37	10.355
3348.91	7.2738
3351.45	15.1926
3353.99	0.111496
3356.53	3.03035
3359.06	17.9493
3361.6	8.86818
3364.14	9.78712
3366.67	-10.2939
3369.21	9.62509
3371.74	6.54408
3374.27	-1.53683
3376.8	-1.6178
3379.33	2.30128
3381.86	11.2204
3384.39	17.1395
3386.92	16.0587
3389.45	8.97787
3391.97	8.89709
3394.5	9.81631
3397.02	13.7356
3399.55	1.65485
3402.07	7.57416
3404.59	12.4935
3407.11	-3.58717
3409.64	1.33218
3412.15	9.25159
3414.67	8.17099
3417.19	11.0904
3419.71	9.00992
3422.22	-0.0706177
3424.74	6.84891
3427.26	6.76842
3429.77	-13.312
3432.28	8.60759
3434.79	7.52716
3437.3	0.446808
3439.81	0.36647
3442.33	-0.713882
3444.83	10.2058
3447.34	-0.874435
3449.85	-0.954697
3452.35	7.96506
3454.86	-11.1151
3457.36	-2.19531
3459.87	3.72453
3462.37	-0.355606
3464.87	7.56424
3467.37	-0.515823
3469.87	-4.5959
3472.37	4.32408
3474.87	3.24405
3477.37	-10.8359
3479.87	1.08405
3482.36	6.0041
3484.86	-9.07582
3487.35	-10.1557
3489.85	-1.23561
3492.34	-0.31546
3494.83	6.60471
3497.32	2.5249
3499.81	-3.5549
3502.3	9.36534
3504.79	-4.7144
3507.28	-0.794128
3509.77	-0.873825
3512.25	-12.9535
3514.74	-2.03316
3517.22	-4.11278
3519.71	-4.1924
3522.19	9.72803
3524.67	-3.35155
3527.15	2.56897
3529.63	0.489441
3532.11	-1.59004
3534.59	9.33047
3537.07	0.251022
3539.55	3.1716
3542.02	3.09219
3544.5	6.01285
3546.97	10.9335
3549.45	3.85414
3551.92	6.77484
3554.39	-2.30443
3556.86	-6.38368
3559.34	-3.46294
3561.81	3.45784
3564.27	-8.62134
3566.74	-0.7005
3569.21	-2.77966
3571.68	5.14124
3574.14	-16.9379
3576.61	-5.01697
3579.07	-2.09601
3581.53	0.824951
3584	-2.25404
3586.46	-6.33304
3588.92	7.58798
3591.38	0.509064
3593.84	-5.56989
3596.3	-3.64874
3598.75	-7.72765
3601.21	6.19353
3603.67	-0.88533
3606.12	-6.9641
3608.58	-6.04291
3611.03	-0.121643
3613.48	-5.20041
3615.93	3.7209
3618.39	-1.35782
3620.84	3.56352
3623.29	-20.5151
3625.73	1.40625
3628.18	-12.6723
3630.63	-13.7509
3633.08	1.1705
3635.52	-0.908005
3637.97	-1.98656
3640.41	-11.065
3642.85	-13.1435
3645.3	4.77805
3647.74	-10.3004
3650.18	-12.3788
3652.62	-14.4571
3655.06	-0.535507
3657.49	3.38617
3659.93	-2.69212
3662.37	-12.7704
3664.8	-4.84866
3667.24	-7.92694
3669.67	-11.0052
3672.11	-10.0833
3674.54	-15.1615
3676.97	-10.2397
3679.4	-19.3178
3681.83	-2.3959
3684.26	-14.474
3686.69	-11.5521
3689.12	-18.6301
3691.54	2.29187
3693.97	-2.78613
3696.4	-17.8641
3698.82	-6.94205
3701.24	-4.01999
3703.67	-5.09789
3706.09	-0.175781
3708.51	-8.25365
3710.93	-1.3315
3713.35	-5.40932
3715.77	-8.48712
3718.19	-12.5649
3720.61	-6.64261
3723.02	-1.72034
3725.44	-9.79807
3727.85	-13.8757
3730.27	-11.9534
3732.68	4.96893
3735.1	-7.1087
3737.51	-6.18626
3739.92	-9.26385
3742.33	-14.3414
3744.74	-9.41895
3747.15	-7.49646
3749.55	-5.57393
3751.96	-13.6514
3754.37	-0.728867
3756.77	-4.80629
3759.18	-6.88367
3761.58	-12.9611
3763.99	-10.0384
3766.39	-3.11572
3768.79	-16.1931
3771.19	2.72964
3773.59	6.65239
3775.99	-3.42487
3778.39	0.497925
3780.79	-8.57928
3783.18	-6.65649
3785.58	2.26637
3787.98	-6.81079
3790.37	-3.88788
3792.76	-8.965
3795.16	-5.04204
3797.55	1.88089
3799.94	-6.19612
3802.33	-10.2731
3804.72	-3.35011
3807.11	-11.4271
3809.5	-5.50401
3811.89	1.41904
3814.27	-1.65784
3816.66	3.26529
3819.04	-15.8116
3821.43	-10.8884
3823.81	1.03481
3826.2	-3.04202
3828.58	-6.11877
3830.96	-27.1955
3833.34	-3.27225
3835.72	-10.349
3838.1	-10.4256
3840.48	-1.50232
3842.85	-20.5789
3845.23	-3.65555
3847.61	-7.73212
3849.98	-22.8087
3852.36	-12.8853
3854.73	-5.96181
3857.1	-11.0383
3859.47	-0.114792
3861.85	-8.19124
3864.22	-14.2677
3866.59	-1.34413
3868.96	-9.42055
3871.32	-18.4969
3873.69	-6.57327
3876.06	-6.6496
3878.42	-5.72591
3880.79	3.1978
3883.15	-8.87848
3885.52	-14.9547
3887.88	-11.031
3890.24	-7.10716
3892.6	-17.1833
3894.96	0.740479
3897.32	-8.33566
3899.68	-11.4118
3902.04	0.5121
3904.4	-8.56396
3906.76	-1.64003
3909.11	-13.7161
3911.47	-11.7921
3913.82	-3.86809
3916.17	-11.944
3918.53	-9.01999
3920.88	0.904068
3923.23	-8.17184
3925.58	-7.24774
3927.93	5.67642
3930.28	-8.39944
3932.63	-7.47527
3934.98	-7.55109
3937.32	-25.6268
3939.67	1.29738
3942.02	-7.77835
3944.36	-12.8541
3946.7	-5.92976
3949.05	1.99454
3951.39	-16.0811
3953.73	-7.15674
3956.07	-8.23235
3958.41	-3.30797
3960.75	-22.3835
3963.09	1.54092
3965.43	-6.53458
3967.77	-13.6101
3970.1	6.31442
3972.44	-3.76106
3974.77	-3.83647
3977.11	2.08807
3979.44	-3.9873
3981.77	-0.0627136
3984.1	4.86195
3986.43	-19.2134
3988.76	-8.28871
3991.09	-1.36403
3993.42	-4.43929
3995.75	-0.514572
3998.08	-2.58978
4000.4	3.33501
4002.73	-4.7402
4005.05	7.18463
4007.38	-5.8905
4009.7	3.03435
4012.03	0.959244
4014.35	-9.11583
4016.67	-2.19092
4018.99	-4.26596
4021.31	-6.34097
4023.63	-10.416
4025.95	-2.49098
4028.26	2.43405
4030.58	-1.64087
4032.9	6.28421
4035.21	-1.79073
4037.53	1.1344
4039.84	-7.94044
4042.15	3.98471
4044.47	-12.0901
4046.78	1.83511
4049.09	4.76035
4051.4	4.68558
4053.71	-0.389145
4056.02	-1.4639
4058.32	-11.5386
4060.63	4.38673
4062.94	-7.68791
4065.24	-3.76254
4067.55	5.16284
4069.85	-6.91176
4072.16	-5.98631
4074.46	2.93913
4076.76	-12.1354
4079.06	-5.20988
4081.36	-4.28436
4083.66	-2.35884
4085.96	-8.43329
4088.26	-1.50772
4090.56	2.41788
4092.85	3.34348
4095.15	-12.7309
4097.44	2.19479
4099.74	-9.87953
4102.03	0.0461426
4104.33	-13.0281
4106.62	-6.10237
4108.91	-13.1766
4111.2	2.74915
4113.49	-5.32506
4115.78	-12.3992
4118.07	-5.47337
4120.36	-1.54755
4122.64	1.37837
4124.93	-10.6957
4127.22	-3.76982
4129.5	-16.8439
4131.79	0.082077
4134.07	-12.992
4136.35	6.93408
4138.64	8.86009
4140.92	-3.21384
4143.2	-12.2878
4145.48	6.63832
4147.76	-1.43562
4150.04	-5.50946
4152.31	2.41666
4154.59	-2.65715
4156.87	-1.73099
4159.14	9.19524
4161.42	-4.87856
4163.69	3.0477
4165.97	1.97395
4168.24	0.900253
4170.51	3.82657
4172.78	5.75288
4175.05	-2.32076
4177.32	10.6056
4179.59	10.532
4181.86	20.4584
4184.13	4.38484
4186.39	3.31128
4188.66	14.2377
4190.92	21.1642
4193.19	16.0908
4195.45	6.01727
4197.72	22.9438
4199.98	9.87041
4202.24	22.797
4204.5	15.7236
4206.76	19.6502
4209.02	12.5769
4211.28	27.5035
4213.54	14.4302
4215.8	26.3569
4218.05	11.2837
4220.31	19.2104
4222.57	46.1372
4224.82	57.064
4227.07	48.9908
4229.33	39.9176
4231.58	50.8445
4233.83	48.7714
4236.08	53.6983
4238.33	69.6252
4240.58	69.5521
4242.83	61.479
4245.08	72.406
4247.33	67.333
4249.58	75.26
4251.82	91.187
4254.07	97.1141
4256.31	115.041
4258.56	119.968
4260.8	122.895
4263.04	137.822
4265.28	139.75
4267.53	151.677
4269.77	155.604
4272.01	168.531
4274.24	159.458
4276.48	183.386
4278.72	186.313
4280.96	188.24
4283.19	203.168
4285.43	211.095
4287.66	198.022
4289.9	210.95
4292.13	214.877
4294.36	208.804
4296.6	183.732
4298.83	191.659
4301.06	180.587
4303.29	174.514
4305.52	161.442
4307.75	154.369
4309.97	145.297
4312.2	143.224
4314.43	122.152
4316.65	125.079
4318.88	106.007
4321.1	112.935
4323.33	94.8624
4325.55	90.7901
4327.77	76.7178
4329.99	71.6455
4332.21	55.5732
4334.43	50.501
4336.65	46.4288
4338.87	30.3566
4341.09	42.2844
4343.31	42.2122
4345.52	37.1401
4347.74	17.0679
